# Time (hours) 	 Flux Target 	 Flux Comp1 	 Flux Comp2 	 Flux Comp3 	 Flux Comp4 	 Flux Comp5 	 Flux Comp6 	 Flux Comp7 	 Flux Comp8 	 Flux Comp9 
-2.0919616462	0.0562543590	0.0567024954	0.0561106215	0.0562750392	0.0561197718	0.0565319147	0.0563610795	0.0562372010	0.0561550974	0.0563573899
-2.0515576058	0.0580606209	0.0580165054	0.0579747487	0.0580389282	0.0580869628	0.0582055471	0.0580488243	0.0580370656	0.0577365999	0.0577206762
-2.0111535654	0.0599731229	0.0596265493	0.0592995830	0.0595429735	0.0596646507	0.0600015507	0.0597531749	0.0595497259	0.0596671795	0.0594608455
-1.9707495250	0.0612767999	0.0609592583	0.0607808995	0.0611766625	0.0613598682	0.0615343240	0.0613534542	0.0613496703	0.0611019307	0.0613073821
-1.9303454846	0.0629273574	0.0627226166	0.0624628674	0.0626293479	0.0628557150	0.0629413822	0.0627873462	0.0629164584	0.0630140308	0.0626696615
-1.8899414442	0.0645834790	0.0643572508	0.0640315807	0.0641644024	0.0645213057	0.0646002706	0.0641855211	0.0644880290	0.0642857521	0.0643401140
-1.8495374038	0.0659626857	0.0659412861	0.0656108849	0.0657546258	0.0661124447	0.0660388878	0.0658417780	0.0658671187	0.0658179125	0.0657441757
-1.8091333634	0.0675299881	0.0671956866	0.0672206950	0.0671198995	0.0673252656	0.0676254146	0.0671433254	0.0676600695	0.0669985650	0.0673773730
-1.7687293230	0.0688559119	0.0688485790	0.0685875132	0.0685958719	0.0688794584	0.0690695382	0.0685252693	0.0688768424	0.0686512585	0.0685811926
-1.7283252826	0.0701037196	0.0702843974	0.0697900127	0.0699198930	0.0701920078	0.0705338969	0.0702779249	0.0704437277	0.0701131872	0.0701921520
-1.6879212422	0.0715169502	0.0714299642	0.0714437016	0.0714744840	0.0713740047	0.0718685226	0.0715946217	0.0715989468	0.0715045621	0.0716465835
-1.6475172018	0.0728268528	0.0731110583	0.0727161509	0.0728875804	0.0727421158	0.0729752223	0.0728900945	0.0730145984	0.0727313358	0.0731584385
-1.6071131614	0.0742000293	0.0738786500	0.0740987168	0.0741714486	0.0740918393	0.0745474048	0.0745110659	0.0744934579	0.0740375225	0.0742481869
-1.5667091210	0.0756883070	0.0756077186	0.0752782619	0.0754266358	0.0755911077	0.0759538741	0.0759532976	0.0758064755	0.0751799985	0.0755864369
-1.5263050806	0.0768457897	0.0767411498	0.0764359062	0.0766737980	0.0766169884	0.0772319049	0.0770166981	0.0770068955	0.0764664844	0.0768470928
-1.4859010401	0.0781057464	0.0778654956	0.0776092330	0.0777741548	0.0778379707	0.0783210255	0.0780664902	0.0782870703	0.0775706783	0.0780426658
-1.4454969997	0.0790340208	0.0789695325	0.0791057576	0.0789209198	0.0792329278	0.0792758209	0.0791423588	0.0794804008	0.0788271477	0.0790277740
-1.4050929593	0.0801594580	0.0800515776	0.0800606878	0.0798635033	0.0801710361	0.0803653468	0.0801162366	0.0804130888	0.0799765249	0.0801752241
-1.3646889189	0.0810053463	0.0810077386	0.0808115579	0.0806749854	0.0811102452	0.0811504453	0.0812407504	0.0811799308	0.0808126734	0.0809232515
-1.3242848785	0.0820273181	0.0818483302	0.0816264122	0.0815273834	0.0814838454	0.0820247896	0.0818650059	0.0819772862	0.0815076181	0.0814010574
-1.2838808381	0.0822926973	0.0821812278	0.0820073757	0.0820453644	0.0821166310	0.0823833625	0.0822446895	0.0822944905	0.0818126094	0.0820927299
-1.2434767977	0.0823073016	0.0819477781	0.0821609427	0.0820059115	0.0820546164	0.0826585312	0.0824178830	0.0823942438	0.0817964511	0.0824886075
-1.2030727573	0.0823980357	0.0820052468	0.0819489909	0.0816856397	0.0819318977	0.0822568888	0.0821684287	0.0821851514	0.0817175683	0.0820024776
-1.1626687169	0.0817902837	0.0814746892	0.0814668394	0.0814609927	0.0815493378	0.0819375234	0.0818058743	0.0815863430	0.0813202011	0.0818796390
-1.1222646765	0.0813438363	0.0809339583	0.0811444242	0.0806887793	0.0813132661	0.0813608452	0.0812241111	0.0811288864	0.0809949529	0.0812055252
-1.0818606361	0.0809528860	0.0805662777	0.0806171615	0.0804602412	0.0808303642	0.0808686278	0.0807681382	0.0808396207	0.0802876431	0.0806325515
-1.0414565957	0.0808845693	0.0807658665	0.0803797148	0.0804080585	0.0804796457	0.0807031468	0.0809158033	0.0804708679	0.0803604503	0.0807135344
-1.0010525553	0.0811554962	0.0809565619	0.0809724444	0.0808276129	0.0810338430	0.0812666715	0.0809861789	0.0807476900	0.0806475376	0.0810753326
-0.9606485149	0.0821509237	0.0817336783	0.0818376536	0.0819598578	0.0820246827	0.0822687782	0.0819834319	0.0820002075	0.0817405393	0.0820596386
-0.9202444745	0.0835190179	0.0834854105	0.0835518160	0.0835066189	0.0835650409	0.0840119801	0.0836635403	0.0835161097	0.0833093025	0.0838135103
-0.8798404341	0.0854906344	0.0854577561	0.0854520321	0.0852398648	0.0856106410	0.0858134605	0.0855180073	0.0854658233	0.0850055720	0.0858780812
-0.8394363937	0.0874525660	0.0874577269	0.0873740178	0.0876296798	0.0874791532	0.0880850165	0.0876193378	0.0878037672	0.0872564985	0.0879060080
-0.7990323533	0.0893454486	0.0892578471	0.0897249074	0.0895589557	0.0897184812	0.0902092699	0.0899312549	0.0896379601	0.0894120954	0.0901076397
-0.7586283129	0.0909475529	0.0912290378	0.0914305666	0.0913529839	0.0916360480	0.0919636275	0.0918777396	0.0914824216	0.0914976506	0.0919818320
-0.7182242725	0.0920473997	0.0928298477	0.0932682982	0.0929516846	0.0932534199	0.0936780394	0.0933417266	0.0931942876	0.0928074726	0.0936077188
-0.6778202321	0.0929954427	0.0939952072	0.0944935607	0.0945484453	0.0945877320	0.0950694448	0.0946137109	0.0944921762	0.0942875149	0.0947097805
-0.6374161917	0.0937444603	0.0951305899	0.0953298336	0.0954989922	0.0952495444	0.0959844763	0.0955523415	0.0954068865	0.0951737849	0.0959099143
-0.5970121513	0.0948477954	0.0959801085	0.0963107091	0.0961929499	0.0961594671	0.0966705017	0.0962763530	0.0961880827	0.0957211168	0.0963897465
-0.5566081109	0.0951863630	0.0964820202	0.0969638258	0.0966142205	0.0969985509	0.0971818896	0.0970181883	0.0968003551	0.0965439043	0.0971454586
-0.5162040705	0.0957100691	0.0970642979	0.0972877601	0.0972179781	0.0974474564	0.0978602607	0.0972688195	0.0973511667	0.0970042722	0.0973567446
-0.4758000300	0.0959689678	0.0974513396	0.0976135749	0.0979692956	0.0978808259	0.0979755195	0.0977433207	0.0977100064	0.0972955300	0.0980124209
-0.4353959896	0.0962107510	0.0976955438	0.0980032220	0.0984173563	0.0984057479	0.0984598839	0.0982327498	0.0983922755	0.0975371200	0.0983881384
-0.3949919492	0.0964642282	0.0981199960	0.0983939709	0.0984612895	0.0986275338	0.0989488688	0.0986807084	0.0986864150	0.0979604432	0.0987254019
-0.3545879088	0.0966464898	0.0984891279	0.0989731523	0.0988050307	0.0990025334	0.0991077385	0.0988448072	0.0990318161	0.0981430174	0.0990424168
-0.3141838684	0.0970669587	0.0989970690	0.0990425354	0.0991459791	0.0991856501	0.0994468864	0.0992036910	0.0992659374	0.0987703563	0.0994709582
-0.2737798280	0.0974808203	0.0990744876	0.0993533466	0.0993182095	0.0991208748	0.0997631518	0.0993604972	0.0993609803	0.0988523331	0.0994758637
-0.2333757876	0.0974381287	0.0993635224	0.0995368215	0.0993511685	0.0996120912	0.0999549975	0.0993822768	0.0995494944	0.0989437417	0.0995451000
-0.1929717472	0.0974630674	0.0994269863	0.0996430198	0.0994105070	0.0998990566	0.1000067993	0.0995863111	0.0996961554	0.0991803398	0.1000326549
-0.1525677068	0.0977715762	0.0996169733	0.0998234572	0.0996837300	0.0999811220	0.1001587813	0.0996152360	0.1000378893	0.0993372311	0.1000421824
-0.1121636664	0.0978134372	0.0996551500	0.1000316974	0.0995936518	0.0999647079	0.1002103487	0.0998017245	0.0999236452	0.0994799839	0.0999634541
-0.0717596260	0.0980210467	0.0996164500	0.1002248309	0.0999040294	0.1001777698	0.1001785300	0.1000000179	0.1000470382	0.0996527560	0.1000631557
-0.0313555856	0.0979795700	0.0996922062	0.1002432793	0.0996640698	0.1000886385	0.1003746707	0.0999812479	0.1001729280	0.0997229941	0.1000652073
0.0090484548	0.0979477714	0.0997667481	0.1001512075	0.0996656952	0.1001429459	0.1004670346	0.1000946045	0.0999815346	0.0995795146	0.0999771594
0.0494524952	0.0978938546	0.0996886596	0.1001391099	0.0998555109	0.1000815092	0.1003434723	0.0999300686	0.1000619666	0.0998940674	0.1000848813
0.0898565356	0.0978627479	0.0996386272	0.1000444403	0.0997791414	0.1000428930	0.1002230405	0.0997505116	0.1001157503	0.0996395393	0.0998555062
0.1302605760	0.0975433359	0.0996772789	0.0998751610	0.0997888751	0.0999850680	0.1002176127	0.0997788043	0.1000837628	0.0995498490	0.1001189830
0.1706646164	0.0975901091	0.0994459021	0.0998966962	0.0994943194	0.0999645323	0.1002299533	0.0995972386	0.0996334399	0.0994699358	0.0999147013
0.2110686568	0.0976547945	0.0990739299	0.0996225318	0.0996138973	0.0997997926	0.0998341946	0.0995103795	0.0994195912	0.0992856872	0.0996443616
0.2514726972	0.0972303155	0.0991892079	0.0994531979	0.0994332950	0.0995981069	0.0999729016	0.0993631770	0.0992683084	0.0990248388	0.0995331072
0.2918767376	0.0972459129	0.0988096105	0.0993862806	0.0992508237	0.0992340152	0.0994647018	0.0993301475	0.0991906605	0.0992183685	0.0993387243
0.3322807780	0.0971174835	0.0986819154	0.0990889877	0.0987992845	0.0991128983	0.0993887483	0.0989563293	0.0989495078	0.0986716195	0.0991766243
0.3726848184	0.0968338083	0.0984039753	0.0986760900	0.0987897641	0.0984856993	0.0990455120	0.0986648760	0.0987401409	0.0983644105	0.0989542961
0.4130888588	0.0965592784	0.0981336541	0.0984814744	0.0983525771	0.0983016160	0.0986308589	0.0981953656	0.0983377324	0.0977868909	0.0985339538
0.4534928992	0.0962412124	0.0977124683	0.0979554454	0.0979116121	0.0980190752	0.0981547275	0.0980765562	0.0980334692	0.0975809931	0.0981239512
0.4938969396	0.0961128821	0.0974027151	0.0977439508	0.0977967190	0.0977315299	0.0978209825	0.0974864926	0.0976098589	0.0970490243	0.0978984637
0.5343009801	0.0954111662	0.0970106429	0.0972503428	0.0971463295	0.0975291104	0.0975204123	0.0969917269	0.0971579622	0.0968431760	0.0974016815
0.5747050205	0.0951181586	0.0966574649	0.0966065544	0.0968005678	0.0970633042	0.0971080365	0.0967776577	0.0968676040	0.0964781243	0.0968987623
0.6151090609	0.0946296396	0.0963480777	0.0961919984	0.0962247039	0.0964910609	0.0967037330	0.0962160775	0.0962802010	0.0957615137	0.0965662931
0.6555131013	0.0941792279	0.0956568411	0.0955718924	0.0958422744	0.0959691563	0.0960459756	0.0956265651	0.0956538248	0.0953340564	0.0958592168
0.6959171417	0.0940000680	0.0951231466	0.0951147957	0.0953355136	0.0954066773	0.0955296623	0.0951604929	0.0952695668	0.0948306189	0.0953584243
0.7363211821	0.0934175552	0.0946093867	0.0944512592	0.0944964891	0.0947560105	0.0949671869	0.0944619772	0.0949036426	0.0940689235	0.0945402049
0.7767252225	0.0932046398	0.0938377177	0.0939243284	0.0939793442	0.0940347075	0.0943099190	0.0938733956	0.0943245816	0.0935517255	0.0938550092
0.8171292629	0.0929180120	0.0934013059	0.0932750282	0.0934415514	0.0935287162	0.0938532585	0.0933617008	0.0936768266	0.0928784750	0.0936107179
0.8575333033	0.0923013299	0.0930010529	0.0923390553	0.0926995388	0.0928496289	0.0929787456	0.0926192997	0.0928666117	0.0922477648	0.0927362374
0.8979373437	0.0918136933	0.0919964617	0.0917315163	0.0918414502	0.0921480457	0.0922858296	0.0919120389	0.0922216138	0.0915750472	0.0921935414
0.9383413841	0.0910450311	0.0912927047	0.0911356635	0.0915805966	0.0912997150	0.0915528525	0.0913341533	0.0911308241	0.0910072402	0.0916071646
0.9787454245	0.0901945106	0.0905486206	0.0902872903	0.0905641470	0.0903742535	0.0907150352	0.0904524376	0.0906114219	0.0901603859	0.0907890512
1.0191494649	0.0895464724	0.0895893609	0.0893252334	0.0896661695	0.0897051185	0.0900704638	0.0895746951	0.0897903810	0.0893809214	0.0898632264
1.0595535053	0.0888024605	0.0891531135	0.0887257188	0.0888677377	0.0889496668	0.0892401407	0.0884980694	0.0890295544	0.0884957504	0.0890557028
1.0999575457	0.0876335109	0.0880987645	0.0878092089	0.0880819451	0.0879621494	0.0881595157	0.0881032931	0.0883462626	0.0874308979	0.0881979563
1.1403615861	0.0870541683	0.0873624638	0.0869403796	0.0873261714	0.0871473733	0.0873079189	0.0870598213	0.0871388717	0.0866347569	0.0871685492
1.1807656265	0.0860828354	0.0862436596	0.0859553104	0.0863770212	0.0861656232	0.0864136429	0.0860588754	0.0861903211	0.0856523339	0.0861673046
1.2211696669	0.0849104780	0.0854170567	0.0847321976	0.0853649401	0.0852740887	0.0853305919	0.0850590182	0.0853500975	0.0847486818	0.0853011882
1.2615737073	0.0838869966	0.0840664000	0.0839401763	0.0844375507	0.0843789113	0.0842190982	0.0840677722	0.0843899764	0.0837468575	0.0842659545
1.3019777477	0.0828907964	0.0832376473	0.0828533583	0.0832370943	0.0833640258	0.0832494118	0.0829832825	0.0832767299	0.0828297244	0.0834251358
1.3423817881	0.0817590156	0.0821843550	0.0818471752	0.0824341915	0.0823419327	0.0822446898	0.0823145538	0.0820656170	0.0816036545	0.0820330886
1.3827858285	0.0808022857	0.0809996175	0.0808642223	0.0813430272	0.0809109020	0.0810402785	0.0807924130	0.0809404416	0.0805533779	0.0808047661
1.4231898689	0.0798123849	0.0798190842	0.0796865097	0.0801199568	0.0799180688	0.0797177821	0.0797247995	0.0797294734	0.0794983151	0.0798801630
1.4635939093	0.0784635772	0.0786863233	0.0786186500	0.0789145717	0.0787786524	0.0785174269	0.0785599178	0.0786381435	0.0783300489	0.0787346199
1.5039979497	0.0772994859	0.0777002974	0.0774907230	0.0776436552	0.0775624911	0.0773659555	0.0773805388	0.0772577461	0.0772143354	0.0772700783
1.5444019902	0.0760607826	0.0761949751	0.0763311873	0.0763761056	0.0764111047	0.0762268829	0.0761814279	0.0760553423	0.0757894599	0.0761967308
1.5848060306	0.0747529369	0.0750778804	0.0751726783	0.0751403576	0.0749378396	0.0752640380	0.0749950415	0.0748200128	0.0743588902	0.0749908079
1.6252100710	0.0733982625	0.0737640487	0.0736975343	0.0735657752	0.0737152801	0.0739686136	0.0737122650	0.0736254066	0.0731628442	0.0738676572
1.6656141114	0.0721939012	0.0721602151	0.0722969280	0.0725675388	0.0723304578	0.0724619169	0.0724240706	0.0722588875	0.0716949926	0.0724683035
1.7060181518	0.0709972240	0.0709167589	0.0713806996	0.0711648108	0.0709720705	0.0711346680	0.0711479207	0.0709168872	0.0705487234	0.0712429493
1.7464221922	0.0693989254	0.0693384377	0.0699073422	0.0694920181	0.0696663879	0.0695672966	0.0698196723	0.0694453285	0.0689605678	0.0695631755
1.7868262326	0.0680163143	0.0679537789	0.0683117192	0.0681376832	0.0682315934	0.0683635186	0.0680535408	0.0682900325	0.0675310255	0.0684281670
1.8272302730	0.0665835249	0.0664314953	0.0668436052	0.0667187925	0.0668925567	0.0670074852	0.0665493784	0.0667548853	0.0662264501	0.0667339944
1.8676343134	0.0650395451	0.0651773736	0.0650930052	0.0654524823	0.0652328555	0.0652093636	0.0649418710	0.0651810360	0.0647264674	0.0653604914
1.9080383538	0.0634036384	0.0633439517	0.0636940689	0.0635545257	0.0637477678	0.0636844518	0.0631313664	0.0638864548	0.0632677867	0.0640381524
