# Time (hours) 	 Flux Target 	 Flux Comp1 	 Flux Comp2 	 Flux Comp3 	 Flux Comp4 	 Flux Comp5 	 Flux Comp6 	 Flux Comp7 	 Flux Comp8 	 Flux Comp9 
-2.0100843369	0.0599460805	0.0596138886	0.0594894760	0.0597979399	0.0598773734	0.0596607972	0.0596223556	0.0593220040	0.0594515564	0.0594348733
-1.9696802965	0.0614512885	0.0612532162	0.0612195681	0.0615172447	0.0613726443	0.0615099181	0.0608828725	0.0613691696	0.0611457703	0.0609282156
-1.9292762560	0.0631966192	0.0628079577	0.0629433051	0.0628028999	0.0630459254	0.0628253479	0.0624971485	0.0628549310	0.0626963642	0.0627003514
-1.8888722156	0.0646605366	0.0643561808	0.0643881043	0.0644082891	0.0645642420	0.0645338283	0.0640959755	0.0643240088	0.0641845112	0.0640148971
-1.8484681752	0.0661241947	0.0657667676	0.0658180107	0.0657939548	0.0657261955	0.0658644998	0.0656045737	0.0658382303	0.0658417385	0.0657138117
-1.8080641348	0.0676939950	0.0675028691	0.0672139904	0.0672860725	0.0672631575	0.0675556117	0.0672663130	0.0672805782	0.0672407367	0.0672793883
-1.7676600944	0.0693090239	0.0689715594	0.0686171171	0.0684830205	0.0687570249	0.0689625715	0.0686488532	0.0688692847	0.0688188602	0.0685952872
-1.7272560540	0.0706463874	0.0703460627	0.0701008860	0.0699025715	0.0702781056	0.0702764360	0.0701256137	0.0700862239	0.0702298056	0.0700436146
-1.6868520136	0.0720084561	0.0715256972	0.0714054537	0.0715609206	0.0716935735	0.0717281543	0.0713503863	0.0715240840	0.0715883540	0.0715098616
-1.6464479732	0.0733651755	0.0730531705	0.0727973005	0.0729693880	0.0727293730	0.0728193228	0.0727089513	0.0730116885	0.0728135634	0.0727737106
-1.6060439328	0.0745033773	0.0744127055	0.0744070549	0.0744480788	0.0742117275	0.0745139653	0.0739832101	0.0740971084	0.0742630110	0.0740935398
-1.5656398924	0.0758117037	0.0755353313	0.0754499110	0.0755413345	0.0754557849	0.0756442525	0.0755077034	0.0755732537	0.0753031442	0.0753279060
-1.5252358520	0.0768398771	0.0765406763	0.0768235086	0.0766733256	0.0766535229	0.0766984048	0.0766782593	0.0767033561	0.0765754399	0.0764332865
-1.4848318116	0.0781415394	0.0779367711	0.0779869625	0.0780133525	0.0778538374	0.0780883359	0.0780995944	0.0776956926	0.0779307708	0.0776176155
-1.4444277712	0.0792301337	0.0789643952	0.0793714233	0.0789042896	0.0791521433	0.0789245103	0.0790251226	0.0789617996	0.0790396056	0.0788300486
-1.4040237308	0.0803622842	0.0800615561	0.0800040943	0.0800679757	0.0797491731	0.0800365728	0.0801406129	0.0801766419	0.0802215738	0.0797455450
-1.3636196904	0.0812714136	0.0810786222	0.0809710658	0.0810156047	0.0808963270	0.0809114890	0.0808166757	0.0810045283	0.0811301509	0.0806333892
-1.3232156500	0.0817980395	0.0816376884	0.0818267912	0.0815954363	0.0815162194	0.0818489718	0.0815630801	0.0814336565	0.0816808473	0.0814267092
-1.2828116096	0.0826585138	0.0820892463	0.0822270674	0.0819860074	0.0820483983	0.0818415212	0.0818203947	0.0821277164	0.0821783431	0.0815506991
-1.2424075692	0.0827825758	0.0822972303	0.0821927406	0.0821298879	0.0820921505	0.0819314159	0.0822473919	0.0822442212	0.0823037754	0.0819512866
-1.2020035288	0.0825960586	0.0822846163	0.0821917340	0.0820642512	0.0822237635	0.0817866489	0.0818325733	0.0819600804	0.0821099113	0.0818531154
-1.1615994884	0.0818387093	0.0817594462	0.0815782591	0.0814971710	0.0814136926	0.0814622185	0.0817110762	0.0814731922	0.0816146853	0.0811138014
-1.1211954480	0.0812804170	0.0811125797	0.0812994078	0.0813269121	0.0810191736	0.0809917273	0.0808301660	0.0811950197	0.0813364507	0.0807670829
-1.0807914076	0.0808881112	0.0805338532	0.0806065837	0.0805616125	0.0805675386	0.0807270044	0.0806176497	0.0806212098	0.0806774969	0.0803929664
-1.0403873672	0.0805756330	0.0807508202	0.0805331417	0.0807215891	0.0803104871	0.0805949333	0.0802173952	0.0805985877	0.0805694384	0.0801953176
-0.9999833268	0.0811844843	0.0811938513	0.0807835553	0.0810582451	0.0810860876	0.0809401582	0.0808228273	0.0809184967	0.0809514978	0.0809143569
-0.9595792863	0.0819657213	0.0822608726	0.0822594231	0.0819723872	0.0821827431	0.0818639999	0.0817043660	0.0817406004	0.0819401694	0.0819087186
-0.9191752459	0.0836507025	0.0839969728	0.0835197682	0.0835801503	0.0835953490	0.0835135316	0.0835040041	0.0834684154	0.0837140164	0.0833954327
-0.8787712055	0.0855157521	0.0857328535	0.0855299279	0.0855393865	0.0856523955	0.0856020911	0.0857829829	0.0857192732	0.0857798315	0.0855963543
-0.8383671651	0.0873463036	0.0879505911	0.0876452350	0.0875881219	0.0880218999	0.0878030591	0.0877484844	0.0874721835	0.0878709074	0.0878886005
-0.7979631247	0.0892513157	0.0899045276	0.0895968812	0.0898022224	0.0900399264	0.0900346706	0.0898878092	0.0897037213	0.0900383280	0.0900001459
-0.7575590843	0.0908258859	0.0918063368	0.0914165926	0.0916440979	0.0921877540	0.0917435663	0.0916835736	0.0916564705	0.0916984449	0.0915865944
-0.7171550439	0.0920840871	0.0933548732	0.0928992748	0.0930866178	0.0935051780	0.0931750849	0.0932256819	0.0930839276	0.0933312923	0.0932637026
-0.6767510035	0.0931845103	0.0947138986	0.0941718607	0.0942648065	0.0949648436	0.0943531704	0.0944284393	0.0944454868	0.0945935149	0.0944060159
-0.6363469631	0.0939252747	0.0957457088	0.0951067107	0.0954505593	0.0958969940	0.0955006983	0.0955217550	0.0952566184	0.0955628411	0.0954075802
-0.5959429227	0.0944080260	0.0965468524	0.0956392736	0.0962492029	0.0963306467	0.0960955607	0.0963779971	0.0960727398	0.0960796422	0.0960733874
-0.5555388823	0.0949670415	0.0972206027	0.0963620321	0.0967253753	0.0970454080	0.0966844030	0.0970795180	0.0965037605	0.0967692638	0.0966234168
-0.5151348419	0.0955088785	0.0974751852	0.0971683300	0.0971979654	0.0976760322	0.0971599671	0.0975008752	0.0969965270	0.0976435710	0.0974957123
-0.4747308015	0.0957781519	0.0979391891	0.0976843769	0.0975904172	0.0979416192	0.0979168761	0.0978405250	0.0977092690	0.0977592351	0.0979361796
-0.4343267611	0.0961100870	0.0982894625	0.0979382603	0.0980164472	0.0981841355	0.0981841419	0.0981901781	0.0978684547	0.0981803429	0.0982479815
-0.3939227207	0.0966595163	0.0984804014	0.0982426198	0.0982108301	0.0984235561	0.0983327160	0.0986719269	0.0982608351	0.0983802346	0.0984833080
-0.3535186803	0.0968516737	0.0988355288	0.0985536184	0.0987741476	0.0990176627	0.0985706056	0.0989441532	0.0985556812	0.0988007244	0.0988492847
-0.3131146399	0.0969236621	0.0991588113	0.0987079523	0.0988548870	0.0989208853	0.0988265084	0.0993155119	0.0988280349	0.0988283590	0.0991721455
-0.2727105995	0.0971377378	0.0995748547	0.0987166284	0.0993943431	0.0994382422	0.0992230971	0.0994621339	0.0994129409	0.0991043732	0.0992775671
-0.2323065591	0.0975536479	0.0995631304	0.0991946122	0.0995473165	0.0995510549	0.0993687036	0.0997025835	0.0994478384	0.0993232990	0.0993915777
-0.1919025187	0.0976542390	0.0998048981	0.0994230249	0.0996716476	0.0995797704	0.0995700065	0.0998855515	0.0998262847	0.0995199112	0.0997024338
-0.1514984783	0.0977202700	0.1000608579	0.0993139558	0.0998755139	0.0997795537	0.0996088580	0.1002455183	0.1000442609	0.0994027076	0.0998523222
-0.1110944379	0.0980003942	0.1001727038	0.0996690633	0.1001031644	0.0997911901	0.0998583618	0.1001715370	0.1000332064	0.0995128790	0.1001373753
-0.0706903975	0.0981157248	0.1000796826	0.0995485189	0.0998825618	0.0999064581	0.0998668705	0.1002026706	0.1002435636	0.0998812805	0.1002901950
-0.0302863571	0.0982140509	0.1000268823	0.0995584224	0.0999771177	0.0998987401	0.0998920108	0.1003292011	0.1001935821	0.0996680598	0.1000660698
0.0101176833	0.0981344054	0.1001719229	0.0996230318	0.0998900339	0.1002251342	0.0998786727	0.1003089351	0.1002044366	0.0996601567	0.1002563331
0.0505217238	0.0981111491	0.1000002028	0.0995716978	0.0999506489	0.0997818957	0.0999008600	0.1001194099	0.1001623457	0.0998973162	0.1003331518
0.0909257642	0.0978867156	0.1000698780	0.0997763084	0.0997889554	0.0996192991	0.0998415951	0.1002435599	0.1000027761	0.0997080273	0.1002651476
0.1313298046	0.0978394719	0.1000151056	0.0996535761	0.0999960658	0.0995848619	0.0996954263	0.1000459899	0.0998151362	0.0997878524	0.0999166692
0.1717338450	0.0977341203	0.0999871658	0.0997482969	0.0996399478	0.0994562072	0.0997365622	0.0999347955	0.1001120347	0.0995443325	0.0999064318
0.2121378854	0.0976566522	0.0997197486	0.0993811996	0.0995909471	0.0994887243	0.0995787172	0.0997491441	0.0995973594	0.0992320572	0.0996357150
0.2525419258	0.0973694281	0.0997197669	0.0992723669	0.0994775719	0.0992582320	0.0994943554	0.0995606281	0.0993420016	0.0991709761	0.0993607428
0.2929459662	0.0972501210	0.0995792551	0.0989772003	0.0992141833	0.0991210015	0.0993922381	0.0994157074	0.0992100701	0.0991883258	0.0991671230
0.3333500066	0.0970273778	0.0992079713	0.0987014421	0.0990922557	0.0988219058	0.0989199785	0.0992351238	0.0991755969	0.0987946704	0.0989295100
0.3737540470	0.0966548035	0.0990400846	0.0984935907	0.0986613178	0.0985853484	0.0986915103	0.0989576901	0.0988584363	0.0983879338	0.0987233835
0.4141580874	0.0964633004	0.0988539901	0.0983219529	0.0981810217	0.0981212530	0.0983055448	0.0987358211	0.0982238566	0.0981707471	0.0983317303
0.4545621278	0.0962678822	0.0983401388	0.0979597742	0.0979641486	0.0980360779	0.0981823739	0.0985176628	0.0981105000	0.0976060124	0.0982546156
0.4949661682	0.0959290207	0.0978262108	0.0976135640	0.0976674631	0.0974295483	0.0976181662	0.0981664603	0.0978049892	0.0974359628	0.0976613198
0.5353702086	0.0954355336	0.0974821209	0.0971095962	0.0970016644	0.0974145781	0.0971059412	0.0977052420	0.0972451212	0.0968118883	0.0973200212
0.5757742490	0.0949658035	0.0968556185	0.0966298465	0.0967729196	0.0969570747	0.0969348227	0.0973149499	0.0967463244	0.0964340491	0.0970634908
0.6161782894	0.0945222982	0.0962276430	0.0962916069	0.0963844810	0.0964561634	0.0962223227	0.0968560805	0.0962524003	0.0959409753	0.0963976862
0.6565823298	0.0941247755	0.0957945955	0.0956970559	0.0954804062	0.0959418953	0.0957592314	0.0960573824	0.0957291909	0.0953521902	0.0957891125
0.6969863702	0.0940166611	0.0951221722	0.0950776509	0.0951966082	0.0951145549	0.0951197429	0.0955228381	0.0951319330	0.0948590891	0.0953990397
0.7373904106	0.0933894610	0.0947969372	0.0944914797	0.0948890721	0.0945478246	0.0946174576	0.0949624399	0.0946520050	0.0943280531	0.0946796312
0.7777944510	0.0930679815	0.0944479148	0.0941320161	0.0940118406	0.0940948766	0.0939633698	0.0943797445	0.0939503612	0.0936724436	0.0939428637
0.8181984914	0.0925048858	0.0932736115	0.0935916259	0.0936535423	0.0934948984	0.0932231129	0.0935684929	0.0931295237	0.0932128592	0.0933349852
0.8586025318	0.0921541780	0.0925300765	0.0929167146	0.0927105248	0.0927930530	0.0927192371	0.0929961990	0.0924563179	0.0923321757	0.0928523783
0.8990065722	0.0917503370	0.0920445723	0.0920491370	0.0918939779	0.0921049279	0.0918446958	0.0920705910	0.0917912301	0.0917461075	0.0919412684
0.9394106126	0.0907609450	0.0911727056	0.0913398490	0.0911071701	0.0913727461	0.0911794247	0.0915153944	0.0910006771	0.0910918477	0.0910901500
0.9798146530	0.0905034103	0.0906655016	0.0904189517	0.0905927674	0.0906911808	0.0905392907	0.0906570026	0.0902786001	0.0903604571	0.0904325395
1.0202186934	0.0898941286	0.0897290847	0.0896399996	0.0894821265	0.0896732674	0.0896340726	0.0897768840	0.0897723385	0.0892397212	0.0896328128
1.0606227339	0.0885868090	0.0887112538	0.0888879678	0.0888561727	0.0890395045	0.0887599643	0.0888780876	0.0889390698	0.0886166722	0.0886826024
1.1010267743	0.0879522308	0.0879311425	0.0878901967	0.0879429622	0.0880527942	0.0878679470	0.0878967769	0.0877773304	0.0877476393	0.0879036298
1.1414308147	0.0867758473	0.0870850836	0.0872963848	0.0868950072	0.0870703530	0.0870331620	0.0869830675	0.0868476179	0.0867960669	0.0870260221
1.1818348551	0.0856783681	0.0862054322	0.0862995348	0.0859904525	0.0862064888	0.0860228781	0.0862636245	0.0862188929	0.0858560991	0.0862402005
1.2222388955	0.0849142626	0.0847369561	0.0851874538	0.0852886548	0.0851118298	0.0850436800	0.0851809243	0.0849485969	0.0847764532	0.0850308463
1.2626429359	0.0840137596	0.0838042407	0.0843520681	0.0841667813	0.0840079012	0.0842275604	0.0842438050	0.0840956087	0.0837267699	0.0841788755
1.3030469763	0.0830906048	0.0829055945	0.0832824164	0.0832428036	0.0829856674	0.0830290112	0.0832605018	0.0830485380	0.0829203951	0.0829610584
1.3434510167	0.0820326489	0.0818148172	0.0819259209	0.0820079764	0.0819944394	0.0821788543	0.0820590273	0.0820245031	0.0817058462	0.0818402342
1.3838550571	0.0806994903	0.0807749267	0.0811993445	0.0810354106	0.0809607824	0.0809821523	0.0808089974	0.0806537982	0.0808475238	0.0807122099
1.4242590975	0.0795240875	0.0797421273	0.0798775857	0.0798187325	0.0796805165	0.0800740628	0.0795932889	0.0794852038	0.0795547844	0.0794604137
1.4646631379	0.0786181977	0.0784493104	0.0786246279	0.0786232650	0.0787967334	0.0787239689	0.0783051788	0.0786521729	0.0785839393	0.0784473202
1.5050671783	0.0771842976	0.0772157321	0.0774792520	0.0773743753	0.0773825705	0.0776798457	0.0774545524	0.0770626840	0.0774377156	0.0775026290
1.5454712187	0.0762752146	0.0759833257	0.0760992636	0.0760823185	0.0761659464	0.0763234885	0.0761999001	0.0760316638	0.0760383576	0.0760777006
1.5858752591	0.0749405353	0.0748712630	0.0749439831	0.0747942199	0.0747853697	0.0751556740	0.0748849054	0.0747540177	0.0747491125	0.0746413829
1.6262792995	0.0736139595	0.0735188837	0.0736245745	0.0735633172	0.0737593654	0.0738999687	0.0734351389	0.0734542385	0.0734761413	0.0733089356
1.6666833399	0.0724305079	0.0720748179	0.0721883726	0.0720200068	0.0723354512	0.0725604010	0.0719431939	0.0719712063	0.0721271090	0.0720757536
1.7070873803	0.0710513475	0.0707799323	0.0709967741	0.0707429049	0.0710123735	0.0711513385	0.0706792936	0.0707769770	0.0704963906	0.0705575209
1.7474914207	0.0696493004	0.0692626444	0.0694903993	0.0696325409	0.0692290292	0.0697330241	0.0694952352	0.0691750762	0.0693536962	0.0694188905
1.7878954611	0.0681515304	0.0679555017	0.0681432317	0.0679145343	0.0679376709	0.0683353063	0.0681655757	0.0679916372	0.0678920987	0.0678098661
1.8282995015	0.0667257033	0.0661990709	0.0664506145	0.0667148953	0.0666812316	0.0667772890	0.0665525833	0.0664619641	0.0664734666	0.0663638768
1.8687035419	0.0652031975	0.0648800463	0.0649807920	0.0651279419	0.0651716736	0.0653000062	0.0652332344	0.0648682596	0.0649305587	0.0647715437
1.9091075823	0.0635832728	0.0633047758	0.0633266083	0.0634522658	0.0635393838	0.0636789643	0.0637016139	0.0632975722	0.0635655490	0.0633171629
1.9495116227	0.0621437163	0.0616954197	0.0618897589	0.0620440389	0.0619645757	0.0621939609	0.0623437901	0.0619713836	0.0620253412	0.0619621427
1.9899156631	0.0605243160	0.0602785439	0.0602450833	0.0605122882	0.0603229540	0.0605820853	0.0605065750	0.0602889667	0.0603680245	0.0601928004
